902 3610 1832 3263 1916 546 3610 4148 721 165 4148 1502 1870 1619 4761 3753 1261 1619 771 4522
902 3610 1832 3263 1916 546 3610 4148 721 165 4148 1502 1870 1619 4761 3753 1261 1619 771 4522
902 3610 1832 3263 1916 546 3610 4148 721 165 4148 1502 1870 1619 4761 3753 1261 1619 771 4522
902 3610 1832 3263 1916 546 3610 4148 721 165 4148 1502 1870 1619 4761 3753 1261 1619 771 4522
902 3610 1832 3263 1916 546 3610 4148 721 165 4148 1502 1870 1619 4761 3753 1261 1619 771 4522
902 3610 1832 3263 1916 546 3610 4148 721 165 4148 1502 1870 1619 4761 3753 1261 1619 771 4522
902 3610 1832 3263 1916 546 3610 4148 721 165 4148 1502 1870 1619 4761 3753 1261 1619 771 4522
902 3610 1832 3263 1916 546 3610 4148 721 165 4148 1502 1870 1619 4761 3753 1261 1619 771 4522
902 3610 1832 3263 1916 546 3610 4148 721 165 4148 1502 1870 1619 4761 3753 1261 1619 771 4522
902 3610 1832 3263 1916 546 3610 4148 721 165 4148 1502 1870 1619 4761 3753 1261 1619 771 4522
902 3610 1832 3263 1916 546 3610 4148 721 165 4148 1502 1870 1619 4761 3753 1261 1619 771 4522
902 3610 1832 3263 1916 546 3610 4148 721 165 4148 1502 1870 1619 4761 3753 1261 1619 771 4522
902 3610 1832 3263 1916 546 3610 4148 721 165 4148 1502 1870 1619 4761 3753 1261 1619 771 4522
902 3610 1832 3263 1916 546 3610 4148 721 165 4148 1502 1870 1619 4761 3753 1261 1619 771 4522
902 3610 1832 3263 1916 546 3610 4148 721 165 4148 1502 1870 1619 4761 3753 1261 1619 771 4522
902 3610 1832 3263 1916 546 3610 4148 721 165 4148 1502 1870 1619 4761 3753 1261 1619 771 4522
902 3610 1832 3263 1916 546 3610 4148 721 165 4148 1502 1870 1619 4761 3753 1261 1619 771 4522
902 3610 1832 3263 1916 546 3610 4148 721 165 4148 1502 1870 1619 4761 3753 1261 1619 771 4522
902 3610 1832 3263 1916 546 3610 4148 721 165 4148 1502 1870 1619 4761 3753 1261 1619 771 4522
902 3610 1832 3263 1916 546 3610 4148 721 165 4148 1502 1870 1619 4761 3753 1261 1619 771 4522
