3431 3630 837 4854 1043 4669 2981 2741 3135 2758 4087 1251 732 3775 4849 1705 4292 392 3572 2754
3431 3630 837 4854 1043 4669 2981 2741 3135 2758 4087 1251 732 3775 4849 1705 4292 392 3572 2754
3431 3630 837 4854 1043 4669 2981 2741 3135 2758 4087 1251 732 3775 4849 1705 4292 392 3572 2754
3431 3630 837 4854 1043 4669 2981 2741 3135 2758 4087 1251 732 3775 4849 1705 4292 392 3572 2754
3431 3630 837 4854 1043 4669 2981 2741 3135 2758 4087 1251 732 3775 4849 1705 4292 392 3572 2754
3431 3630 837 4854 1043 4669 2981 2741 3135 2758 4087 1251 732 3775 4849 1705 4292 392 3572 2754
3431 3630 837 4854 1043 4669 2981 2741 3135 2758 4087 1251 732 3775 4849 1705 4292 392 3572 2754
3431 3630 837 4854 1043 4669 2981 2741 3135 2758 4087 1251 732 3775 4849 1705 4292 392 3572 2754
3431 3630 837 4854 1043 4669 2981 2741 3135 2758 4087 1251 732 3775 4849 1705 4292 392 3572 2754
3431 3630 837 4854 1043 4669 2981 2741 3135 2758 4087 1251 732 3775 4849 1705 4292 392 3572 2754
3431 3630 837 4854 1043 4669 2981 2741 3135 2758 4087 1251 732 3775 4849 1705 4292 392 3572 2754
3431 3630 837 4854 1043 4669 2981 2741 3135 2758 4087 1251 732 3775 4849 1705 4292 392 3572 2754
3431 3630 837 4854 1043 4669 2981 2741 3135 2758 4087 1251 732 3775 4849 1705 4292 392 3572 2754
3431 3630 837 4854 1043 4669 2981 2741 3135 2758 4087 1251 732 3775 4849 1705 4292 392 3572 2754
3431 3630 837 4854 1043 4669 2981 2741 3135 2758 4087 1251 732 3775 4849 1705 4292 392 3572 2754
3431 3630 837 4854 1043 4669 2981 2741 3135 2758 4087 1251 732 3775 4849 1705 4292 392 3572 2754
3431 3630 837 4854 1043 4669 2981 2741 3135 2758 4087 1251 732 3775 4849 1705 4292 392 3572 2754
3431 3630 837 4854 1043 4669 2981 2741 3135 2758 4087 1251 732 3775 4849 1705 4292 392 3572 2754
3431 3630 837 4854 1043 4669 2981 2741 3135 2758 4087 1251 732 3775 4849 1705 4292 392 3572 2754
3431 3630 837 4854 1043 4669 2981 2741 3135 2758 4087 1251 732 3775 4849 1705 4292 392 3572 2754
