2393 3135 3941 3598 4302 106 1552 4397 1028 3284 2080 3043 2065 1561 3775 4309 2663 2953 883 4623
2393 3135 3941 3598 4302 106 1552 4397 1028 3284 2080 3043 2065 1561 3775 4309 2663 2953 883 4623
2393 3135 3941 3598 4302 106 1552 4397 1028 3284 2080 3043 2065 1561 3775 4309 2663 2953 883 4623
2393 3135 3941 3598 4302 106 1552 4397 1028 3284 2080 3043 2065 1561 3775 4309 2663 2953 883 4623
2393 3135 3941 3598 4302 106 1552 4397 1028 3284 2080 3043 2065 1561 3775 4309 2663 2953 883 4623
2393 3135 3941 3598 4302 106 1552 4397 1028 3284 2080 3043 2065 1561 3775 4309 2663 2953 883 4623
2393 3135 3941 3598 4302 106 1552 4397 1028 3284 2080 3043 2065 1561 3775 4309 2663 2953 883 4623
2393 3135 3941 3598 4302 106 1552 4397 1028 3284 2080 3043 2065 1561 3775 4309 2663 2953 883 4623
2393 3135 3941 3598 4302 106 1552 4397 1028 3284 2080 3043 2065 1561 3775 4309 2663 2953 883 4623
2393 3135 3941 3598 4302 106 1552 4397 1028 3284 2080 3043 2065 1561 3775 4309 2663 2953 883 4623
2393 3135 3941 3598 4302 106 1552 4397 1028 3284 2080 3043 2065 1561 3775 4309 2663 2953 883 4623
2393 3135 3941 3598 4302 106 1552 4397 1028 3284 2080 3043 2065 1561 3775 4309 2663 2953 883 4623
2393 3135 3941 3598 4302 106 1552 4397 1028 3284 2080 3043 2065 1561 3775 4309 2663 2953 883 4623
2393 3135 3941 3598 4302 106 1552 4397 1028 3284 2080 3043 2065 1561 3775 4309 2663 2953 883 4623
2393 3135 3941 3598 4302 106 1552 4397 1028 3284 2080 3043 2065 1561 3775 4309 2663 2953 883 4623
2393 3135 3941 3598 4302 106 1552 4397 1028 3284 2080 3043 2065 1561 3775 4309 2663 2953 883 4623
2393 3135 3941 3598 4302 106 1552 4397 1028 3284 2080 3043 2065 1561 3775 4309 2663 2953 883 4623
2393 3135 3941 3598 4302 106 1552 4397 1028 3284 2080 3043 2065 1561 3775 4309 2663 2953 883 4623
2393 3135 3941 3598 4302 106 1552 4397 1028 3284 2080 3043 2065 1561 3775 4309 2663 2953 883 4623
2393 3135 3941 3598 4302 106 1552 4397 1028 3284 2080 3043 2065 1561 3775 4309 2663 2953 883 4623
