4111 3480 3677 4466 743 1956 102 4111 4576 1652 1734 2051 2080 90 772 2209 3622 593 1855 3735
4111 3480 3677 4466 743 1956 102 4111 4576 1652 1734 2051 2080 90 772 2209 3622 593 1855 3735
4111 3480 3677 4466 743 1956 102 4111 4576 1652 1734 2051 2080 90 772 2209 3622 593 1855 3735
4111 3480 3677 4466 743 1956 102 4111 4576 1652 1734 2051 2080 90 772 2209 3622 593 1855 3735
4111 3480 3677 4466 743 1956 102 4111 4576 1652 1734 2051 2080 90 772 2209 3622 593 1855 3735
4111 3480 3677 4466 743 1956 102 4111 4576 1652 1734 2051 2080 90 772 2209 3622 593 1855 3735
4111 3480 3677 4466 743 1956 102 4111 4576 1652 1734 2051 2080 90 772 2209 3622 593 1855 3735
4111 3480 3677 4466 743 1956 102 4111 4576 1652 1734 2051 2080 90 772 2209 3622 593 1855 3735
4111 3480 3677 4466 743 1956 102 4111 4576 1652 1734 2051 2080 90 772 2209 3622 593 1855 3735
4111 3480 3677 4466 743 1956 102 4111 4576 1652 1734 2051 2080 90 772 2209 3622 593 1855 3735
4111 3480 3677 4466 743 1956 102 4111 4576 1652 1734 2051 2080 90 772 2209 3622 593 1855 3735
4111 3480 3677 4466 743 1956 102 4111 4576 1652 1734 2051 2080 90 772 2209 3622 593 1855 3735
4111 3480 3677 4466 743 1956 102 4111 4576 1652 1734 2051 2080 90 772 2209 3622 593 1855 3735
4111 3480 3677 4466 743 1956 102 4111 4576 1652 1734 2051 2080 90 772 2209 3622 593 1855 3735
4111 3480 3677 4466 743 1956 102 4111 4576 1652 1734 2051 2080 90 772 2209 3622 593 1855 3735
4111 3480 3677 4466 743 1956 102 4111 4576 1652 1734 2051 2080 90 772 2209 3622 593 1855 3735
4111 3480 3677 4466 743 1956 102 4111 4576 1652 1734 2051 2080 90 772 2209 3622 593 1855 3735
4111 3480 3677 4466 743 1956 102 4111 4576 1652 1734 2051 2080 90 772 2209 3622 593 1855 3735
4111 3480 3677 4466 743 1956 102 4111 4576 1652 1734 2051 2080 90 772 2209 3622 593 1855 3735
4111 3480 3677 4466 743 1956 102 4111 4576 1652 1734 2051 2080 90 772 2209 3622 593 1855 3735
