69 220 304 406 348 182 210 9 472 182 482 51 293 182 510 510 510 510 510 510 510 510 
402 67 304 6 51 480 232 11 163 379 182 510 510 510 510 510 510 510 510 510 510 510 
210 9 81 182 253 75 182 508 5 454 304 64 182 510 510 510 510 510 510 510 510 510 
404 11 499 122 409 221 182 221 73 127 389 71 107 510 510 510 510 510 510 510 510 510 
31 323 295 499 108 182 138 9 427 182 31 64 73 127 389 327 510 510 510 510 510 510 
115 328 182 51 282 74 107 138 510 510 510 510 510 510 510 510 510 510 510 510 510 510 
510 510 510 510 510 510 510 510 510 510 510 510 510 510 510 510 510 510 510 510 510 510 
483 182 344 9 434 43 157 42 14 158 296 182 510 510 510 510 510 510 510 510 510 510 
51 277 388 303 336 188 461 239 220 14 89 107 510 510 510 510 510 510 510 510 510 510 
478 9 410 14 109 143 347 162 9 345 119 201 444 510 510 510 510 510 510 510 510 510 
458 127 178 141 11 37 484 468 14 206 86 510 510 510 510 510 510 510 510 510 510 510 
468 14 370 51 501 450 41 14 203 250 86 510 510 510 510 510 510 510 510 510 510 510 
242 120 468 308 107 510 510 510 510 510 510 510 510 510 510 510 510 510 510 510 510 510 
510 510 510 510 510 510 510 510 510 510 510 510 510 510 510 510 510 510 510 510 510 510 
51 14 361 182 384 182 356 283 11 277 395 197 510 510 510 510 510 510 510 510 510 510 
101 413 80 349 166 126 272 212 131 200 143 510 510 510 510 510 510 510 510 510 510 510 
436 110 15 182 201 191 14 439 11 127 218 182 9 394 30 182 510 510 510 510 510 510 
31 323 295 499 108 428 235 73 127 389 327 510 510 510 510 510 510 510 510 510 510 510 
499 268 108 428 235 73 127 389 71 143 347 510 510 510 510 510 510 510 510 510 510 510 
328 43 295 182 51 282 74 107 138 510 510 510 510 510 510 510 510 510 510 510 510 510 
510 510 510 510 510 510 510 510 510 510 510 510 510 510 510 510 510 510 510 510 510 510 
255 127 231 357 294 143 151 103 209 137 182 510 510 510 510 510 510 510 510 510 510 510 
31 227 182 138 139 9 182 31 61 251 182 79 351 180 9 437 143 510 510 510 510 510 
226 14 252 295 9 157 75 182 51 436 409 195 454 221 182 510 510 510 510 510 510 510 
51 436 459 195 454 64 182 64 73 127 389 71 182 510 510 510 510 510 510 510 510 510 
110 9 135 157 249 9 366 195 138 347 120 9 256 140 14 71 143 347 510 510 510 510 
202 5 182 51 282 74 107 510 510 510 510 510 510 510 510 510 510 510 510 510 510 510 
510 510 510 510 510 510 510 510 510 510 510 510 510 510 510 510 510 510 510 510 510 510 
269 225 110 202 320 182 445 9 394 5 382 182 291 182 510 510 510 510 510 510 510 510 
383 182 469 337 209 424 485 429 201 431 200 143 510 510 510 510 510 510 510 510 510 510 
226 14 373 157 194 182 51 14 0 329 209 422 182 510 510 510 510 510 510 510 510 510 
51 14 115 186 5 132 157 14 280 186 182 31 237 45 138 510 510 510 510 510 510 510 
328 9 280 182 51 386 343 331 314 14 186 182 31 237 307 31 347 510 510 510 510 510 
205 328 182 51 282 74 107 510 510 510 510 510 510 510 510 510 510 510 510 510 510 510 
510 510 510 510 510 510 510 510 510 510 510 510 510 510 510 510 510 510 510 510 510 510 
314 225 14 389 302 182 300 127 231 156 349 354 182 510 510 510 510 510 510 510 510 510 
118 176 9 366 304 64 3 60 492 200 107 510 510 510 510 510 510 510 510 510 510 510 
31 340 182 138 139 9 182 31 340 110 295 245 73 127 438 500 207 510 510 510 510 510 
243 349 317 182 103 182 228 305 295 182 51 328 95 491 510 510 510 510 510 510 510 510 
243 127 218 405 191 304 265 51 328 95 58 143 347 510 510 510 510 510 510 510 510 510 
323 295 14 55 51 282 74 307 138 510 510 510 510 510 510 510 510 510 510 510 510 510 
510 510 510 510 510 510 510 510 510 510 510 510 510 510 510 510 510 510 510 510 510 510 
62 120 9 423 14 72 182 155 182 166 67 304 150 51 174 182 510 510 510 510 510 510 
42 5 171 304 7 165 11 14 279 184 11 401 143 510 510 510 510 510 510 510 510 510 
419 14 20 241 189 111 143 419 304 152 306 61 23 111 143 510 510 510 510 510 510 510 
226 182 166 12 11 22 61 281 182 213 230 127 389 327 510 510 510 510 510 510 510 510 
213 220 304 284 11 264 211 230 127 389 327 510 510 510 510 510 510 510 510 510 510 510 
213 182 51 136 182 51 282 74 107 510 510 510 510 510 510 510 510 510 510 510 510 510 
510 510 510 510 510 510 510 510 510 510 510 510 510 510 510 510 510 510 510 510 510 510 
103 328 462 298 219 127 384 217 225 435 182 510 510 510 510 510 510 510 510 510 510 510 
266 14 147 51 27 421 11 14 56 43 215 107 510 510 510 510 510 510 510 510 510 510 
31 18 278 28 405 169 51 452 182 463 182 138 9 139 182 31 315 249 209 288 182 510 
466 196 51 247 165 13 458 14 335 192 510 510 510 510 510 510 510 510 510 510 510 510 
17 349 228 278 121 250 295 177 14 53 130 448 170 307 138 510 510 510 510 510 510 510 
93 14 165 182 31 34 107 138 510 510 510 510 510 510 510 510 510 510 510 510 510 510 
455 9 341 328 123 160 201 367 168 436 257 182 510 510 510 510 510 510 510 510 510 510 
18 461 425 260 16 260 489 442 143 510 510 510 510 510 510 510 510 510 510 510 510 510 
468 368 229 419 313 430 110 209 371 387 183 510 510 510 510 510 510 510 510 510 510 510 
485 117 157 19 166 502 298 230 148 389 327 510 510 510 510 510 510 510 510 510 510 510 
298 61 487 220 14 446 284 230 148 389 71 182 510 510 510 510 510 510 510 510 510 510 
166 24 250 404 31 34 107 138 510 510 510 510 510 510 510 510 510 510 510 510 510 510 
226 14 165 182 309 144 177 14 114 284 182 36 115 510 510 510 510 510 510 510 510 510 
110 122 186 182 404 447 148 231 42 110 122 186 111 474 248 107 510 510 510 510 510 510 
282 124 103 111 25 419 304 199 103 111 173 510 510 510 510 510 510 510 510 510 510 510 
355 9 381 74 492 427 182 31 116 321 190 104 48 510 510 510 510 510 510 510 510 510 
177 14 109 111 90 187 349 182 404 127 128 190 104 200 107 138 510 510 510 510 510 510 
103 14 298 139 182 31 34 107 138 510 510 510 510 510 510 510 510 510 510 510 510 510 
324 73 14 0 181 266 390 436 399 132 182 510 510 510 510 510 510 510 510 510 510 510 
31 4 182 138 139 9 182 31 228 43 380 295 461 115 453 51 70 182 510 510 510 510 
360 458 499 33 82 41 175 363 510 510 510 510 510 510 510 510 510 510 510 510 510 510 
470 146 51 470 441 355 148 270 122 476 167 510 510 510 510 510 510 510 510 510 510 510 
355 14 63 11 148 342 110 153 476 442 510 510 510 510 510 510 510 510 510 510 510 510 
11 420 34 113 107 138 510 510 510 510 510 510 510 510 510 510 510 510 510 510 510 510 
226 14 165 191 219 300 127 217 225 435 182 510 510 510 510 510 510 510 510 510 510 510 
414 9 326 304 415 330 42 416 11 298 182 51 284 51 71 143 510 510 510 510 510 510 
103 220 14 359 398 182 9 224 509 201 374 510 510 510 510 510 510 510 510 510 510 510 
217 38 217 182 35 228 328 375 298 11 49 510 510 510 510 510 510 510 510 510 510 510 
228 328 196 182 123 182 466 182 149 51 375 298 11 401 510 510 510 510 510 510 510 510 
333 42 352 31 34 107 138 510 510 510 510 510 510 510 510 510 510 510 510 510 510 510 
328 9 136 125 42 83 182 226 209 465 100 510 510 510 510 510 510 510 510 510 510 510 
201 14 160 129 47 310 15 254 225 127 396 130 449 143 510 510 510 510 510 510 510 510 
328 51 74 9 136 286 182 166 127 504 73 471 85 510 510 510 510 510 510 510 510 510 
177 14 292 130 359 400 110 14 503 246 377 182 510 510 510 510 510 510 510 510 510 510 
226 129 359 372 400 166 14 503 273 377 182 510 510 510 510 510 510 510 510 510 510 510 
506 311 54 182 483 182 34 307 510 510 510 510 510 510 510 510 510 510 510 510 510 510 
103 29 14 338 357 397 182 411 458 386 57 84 510 510 510 510 510 510 510 510 510 510 
369 266 301 129 102 496 177 14 154 89 107 510 510 510 510 510 510 510 510 510 510 510 
31 32 182 138 9 159 182 31 278 362 94 407 21 266 276 203 111 94 1 505 510 510 
164 385 51 365 182 458 278 223 11 237 307 510 510 510 510 510 510 510 510 510 510 510 
334 182 318 334 328 322 365 51 456 328 206 237 307 138 510 510 510 510 510 510 510 510 
93 14 165 182 31 34 107 138 510 510 510 510 510 510 510 510 510 510 510 510 510 510 
31 490 307 138 139 9 182 31 78 11 262 307 347 490 191 182 447 298 61 50 307 347 
507 467 1 182 61 507 208 52 505 120 134 182 510 510 510 510 510 510 510 510 510 510 
393 117 300 44 182 177 328 258 486 440 510 510 510 510 510 510 510 510 510 510 510 510 
177 328 66 266 214 332 17 349 79 182 9 479 510 510 510 510 510 510 510 510 510 510 
295 319 295 5 391 42 432 45 347 17 413 17 349 182 9 437 307 138 510 510 510 510 
93 14 165 182 31 34 107 138 510 510 510 510 510 510 510 510 510 510 510 510 510 510 
31 490 307 138 139 9 182 31 78 11 262 307 347 490 191 182 447 298 61 50 307 510 
266 110 2 110 451 230 46 266 110 362 368 274 97 510 510 510 510 510 510 510 510 510 
17 328 231 166 484 259 447 182 156 14 477 350 182 510 510 510 510 510 510 510 510 510 
43 311 271 304 236 450 41 14 203 250 86 510 510 510 510 510 510 510 510 510 510 510 
271 304 370 51 501 450 41 14 203 250 237 107 138 510 510 510 510 510 510 510 510 510 
93 14 165 182 31 34 107 138 510 510 510 510 510 510 510 510 510 510 510 510 510 510 
31 405 110 186 417 145 42 358 182 298 61 77 182 138 9 68 182 198 510 510 510 510 
31 475 505 314 225 14 208 51 14 53 130 448 170 307 510 510 510 510 510 510 510 510 
187 209 96 179 404 304 422 11 110 106 278 231 94 132 307 510 510 510 510 510 510 510 
187 127 275 194 307 347 105 14 284 230 127 71 307 510 510 510 510 510 510 510 510 510 
88 278 185 458 412 127 218 182 51 88 278 263 458 285 127 71 307 138 510 510 510 510 
93 14 165 182 31 34 107 138 510 510 510 510 510 510 510 510 510 510 510 510 510 510 
51 14 165 182 212 161 182 191 295 309 182 191 295 309 510 510 510 510 510 510 510 510 
177 14 98 284 11 264 211 230 127 389 71 143 510 510 510 510 510 510 510 510 510 510 
51 148 310 190 300 14 112 11 304 481 130 110 295 469 182 510 510 510 510 510 510 510 
51 14 503 377 403 392 39 148 408 177 14 89 143 510 510 510 510 510 510 510 510 510 
51 127 231 458 412 110 408 110 8 325 177 14 89 311 405 353 34 307 510 510 510 510 
458 364 130 142 9 190 419 473 510 510 510 510 510 510 510 510 510 510 510 510 510 510 
404 172 457 233 9 190 419 289 510 510 510 510 510 510 510 510 510 510 510 510 510 510 
404 172 497 233 9 297 419 238 510 510 510 510 510 510 510 510 510 510 510 510 510 510 
127 26 458 304 87 426 233 510 510 510 510 510 510 510 510 510 510 510 510 510 510 510 
458 14 240 40 9 190 419 378 510 510 510 510 510 510 510 510 510 510 510 510 510 510 
127 484 233 9 297 419 316 510 510 510 510 510 510 510 510 510 510 510 510 510 510 510 
127 218 201 216 73 14 240 244 233 510 510 510 510 510 510 510 510 510 510 510 510 510 
51 300 9 433 65 233 9 433 65 464 233 510 510 510 510 510 510 510 510 510 510 510 
103 233 42 127 364 233 42 14 460 510 510 510 510 510 510 510 510 510 510 510 510 510 
11 304 443 91 488 233 157 290 510 510 510 510 510 510 510 510 510 510 510 510 510 510 
458 339 498 11 10 51 299 510 510 510 510 510 510 510 510 510 510 510 510 510 510 510 
14 95 494 267 349 191 233 510 510 510 510 510 510 510 510 510 510 510 510 510 510 510 
458 14 493 182 61 14 222 233 510 510 510 510 510 510 510 510 510 510 510 510 510 510 
458 14 495 59 11 14 204 233 510 510 510 510 510 510 510 510 510 510 510 510 510 510 
458 14 193 110 92 349 133 65 510 510 510 510 510 510 510 510 510 510 510 510 510 510 
42 461 76 99 11 346 233 510 510 510 510 510 510 510 510 510 510 510 510 510 510 510 
458 14 312 42 14 418 510 510 510 510 510 510 510 510 510 510 510 510 510 510 510 510 
404 43 376 65 349 287 266 233 510 510 510 510 510 510 510 510 510 510 510 510 510 510 
458 14 234 182 51 14 261 233 510 510 510 510 510 510 510 510 510 510 510 510 510 510 
