339 376 300 92 448 210 464 194 494 210 347 483 76 210 510 510 510 510 510 510 510 510 
203 24 300 172 483 176 221 57 63 50 210 510 510 510 510 510 510 510 510 510 510 510 
464 194 94 210 128 109 210 417 265 267 300 2 210 510 510 510 510 510 510 510 510 510 
56 57 227 60 169 280 210 280 496 148 251 198 402 510 510 510 510 510 510 510 510 510 
25 187 504 227 491 210 478 194 373 210 25 2 496 148 251 414 510 510 510 510 510 510 
303 42 210 483 264 281 402 478 510 510 510 510 510 510 510 510 510 510 510 510 510 510 
510 510 510 510 510 510 510 510 510 510 510 510 510 510 510 510 510 510 510 510 510 510 
490 210 3 194 366 381 21 332 196 409 39 210 510 510 510 510 510 510 510 510 510 510 
483 152 295 372 167 262 333 49 376 196 230 402 510 510 510 510 510 510 510 510 510 510 
186 194 69 196 144 213 11 471 194 66 396 130 202 510 510 510 510 510 510 510 510 510 
84 148 54 197 57 346 362 5 196 500 387 510 510 510 510 510 510 510 510 510 510 510 
5 196 354 483 398 289 395 196 287 220 387 510 510 510 510 510 510 510 510 510 510 510 
495 114 5 389 402 510 510 510 510 510 510 510 510 510 510 510 510 510 510 510 510 510 
510 510 510 510 510 510 510 510 510 510 510 510 510 510 510 510 510 510 510 510 510 510 
483 196 327 210 447 210 16 469 57 152 106 245 510 510 510 510 510 510 510 510 510 510 
452 420 10 38 83 361 468 6 214 351 213 510 510 510 510 510 510 510 510 510 510 510 
242 382 120 210 130 119 196 65 57 148 191 210 194 188 428 210 510 510 510 510 510 510 
25 187 504 227 491 75 493 496 148 251 414 510 510 510 510 510 510 510 510 510 510 510 
227 146 491 75 493 496 148 251 198 213 11 510 510 510 510 510 510 510 510 510 510 510 
42 381 504 210 483 264 281 402 478 510 510 510 510 510 510 510 510 510 510 510 510 510 
510 510 510 510 510 510 510 510 510 510 510 510 510 510 510 510 510 510 510 510 510 510 
44 148 326 435 250 213 282 274 317 485 210 510 510 510 510 510 510 510 510 510 510 510 
25 253 210 478 271 194 210 25 15 345 210 110 285 116 194 367 213 510 510 510 510 510 
127 196 441 504 194 21 109 210 483 242 169 258 267 280 210 510 510 510 510 510 510 510 
483 242 32 258 267 2 210 2 496 148 251 198 210 510 510 510 510 510 510 510 510 510 
382 194 204 21 291 194 321 258 478 11 114 194 316 103 196 198 213 11 510 510 510 510 
96 265 210 483 264 281 402 510 510 510 510 510 510 510 510 510 510 510 510 510 510 510 
510 510 510 510 510 510 510 510 510 510 510 510 510 510 510 510 510 510 510 510 510 510 
343 437 382 96 7 210 211 194 188 265 453 210 355 210 510 510 510 510 510 510 510 510 
325 210 463 377 317 177 304 9 130 392 351 213 510 510 510 510 510 510 510 510 510 510 
127 196 467 21 97 210 483 196 476 0 317 334 210 510 510 510 510 510 510 510 510 510 
483 196 303 41 265 322 21 196 28 41 210 25 462 509 478 510 510 510 510 510 510 510 
42 194 28 210 483 288 14 296 408 196 41 210 25 462 410 25 11 510 510 510 510 510 
460 42 210 483 264 281 402 510 510 510 510 510 510 510 510 510 510 510 510 510 510 510 
510 510 510 510 510 510 510 510 510 510 510 510 510 510 510 510 510 510 510 510 510 510 
408 437 196 251 90 210 129 148 326 383 38 330 210 510 510 510 510 510 510 510 510 510 
35 445 194 321 300 2 135 161 422 351 402 510 510 510 510 510 510 510 510 510 510 510 
25 99 210 478 271 194 210 25 99 382 504 232 496 148 261 184 312 510 510 510 510 510 
160 38 473 210 274 210 71 101 504 210 483 42 405 364 510 510 510 510 510 510 510 510 
160 148 191 12 119 300 344 483 42 405 61 213 11 510 510 510 510 510 510 510 510 510 
187 504 196 73 483 264 281 410 478 510 510 510 510 510 510 510 510 510 510 510 510 510 
510 510 510 510 510 510 510 510 510 510 510 510 510 510 510 510 510 510 510 510 510 510 
461 114 194 138 196 104 210 174 210 83 24 300 263 483 278 210 510 510 510 510 510 510 
332 265 363 300 168 235 57 196 336 506 57 33 213 510 510 510 510 510 510 510 510 510 
17 196 81 418 319 481 213 17 300 353 431 15 276 481 213 510 510 510 510 510 510 510 
127 210 83 45 57 249 15 374 210 442 419 148 251 414 510 510 510 510 510 510 510 510 
442 376 300 234 57 399 74 419 148 251 414 510 510 510 510 510 510 510 510 510 510 510 
442 210 483 475 210 483 264 281 402 510 510 510 510 510 510 510 510 510 510 510 510 510 
510 510 510 510 510 510 510 510 510 510 510 510 510 510 510 510 510 510 510 510 510 510 
274 42 223 143 149 148 447 64 437 386 210 510 510 510 510 510 510 510 510 510 510 510 
238 196 231 483 268 154 57 196 205 381 337 402 510 510 510 510 510 510 510 510 510 510 
25 111 67 416 12 388 483 112 210 449 210 478 194 271 210 25 247 291 317 252 210 510 
36 244 483 283 235 51 84 196 503 486 510 510 510 510 510 510 510 510 510 510 510 510 
277 38 71 67 233 220 504 18 196 273 459 331 29 410 478 510 510 510 510 510 510 510 
189 196 235 210 25 95 402 478 510 510 510 510 510 510 510 510 510 510 510 510 510 510 
78 194 403 42 8 87 130 450 434 242 348 210 510 510 510 510 510 510 510 510 510 510 
111 333 31 286 489 286 140 350 213 510 510 510 510 510 510 510 510 510 510 510 510 510 
5 199 102 17 68 451 382 317 472 443 474 510 510 510 510 510 510 510 510 510 510 510 
304 294 21 379 83 182 143 419 458 251 414 510 510 510 510 510 510 510 510 510 510 510 
143 15 209 376 196 206 234 419 458 251 198 210 510 510 510 510 510 510 510 510 510 510 
83 224 220 56 25 95 402 478 510 510 510 510 510 510 510 510 510 510 510 510 510 510 
127 196 235 210 122 195 18 196 107 234 210 397 303 510 510 510 510 510 510 510 510 510 
382 60 41 210 56 123 458 326 332 382 60 41 481 501 175 402 510 510 510 510 510 510 
264 158 274 481 105 17 300 201 274 481 430 510 510 510 510 510 510 510 510 510 510 510 
323 194 179 281 422 373 210 25 91 132 436 34 290 510 510 510 510 510 510 510 510 510 
18 196 144 481 426 48 38 210 56 148 369 436 34 351 402 478 510 510 510 510 510 510 
274 196 143 271 210 25 95 402 478 510 510 510 510 510 510 510 510 510 510 510 510 510 
192 496 196 476 407 238 150 242 499 322 210 510 510 510 510 510 510 510 510 510 510 510 
25 212 210 478 271 194 210 25 71 381 215 504 333 303 173 483 394 210 510 510 510 510 
425 84 227 170 47 395 219 406 510 510 510 510 510 510 510 510 510 510 510 510 510 510 
52 82 483 52 356 323 458 22 60 311 498 510 510 510 510 510 510 510 510 510 510 510 
323 196 404 57 458 121 382 153 311 350 510 510 510 510 510 510 510 510 510 510 510 510 
57 118 95 23 402 478 510 510 510 510 510 510 510 510 510 510 510 510 510 510 510 510 
127 196 235 119 149 129 148 64 437 386 210 510 510 510 510 510 510 510 510 510 510 510 
207 194 240 300 46 480 332 155 57 143 210 483 234 483 198 213 510 510 510 510 510 510 
274 376 196 439 423 210 194 465 256 130 358 510 510 510 510 510 510 510 510 510 510 510 
64 444 64 210 360 71 42 412 143 57 415 510 510 510 510 510 510 510 510 510 510 510 
71 42 244 210 8 210 36 210 254 483 412 143 57 33 510 510 510 510 510 510 510 510 
217 332 479 25 95 402 478 510 510 510 510 510 510 510 510 510 510 510 510 510 510 510 
42 194 475 413 332 139 210 127 317 411 484 510 510 510 510 510 510 510 510 510 510 510 
130 196 87 400 181 349 120 171 437 148 226 459 487 213 510 510 510 510 510 510 510 510 
42 483 281 194 475 248 210 83 148 432 496 270 165 510 510 510 510 510 510 510 510 510 
18 196 310 459 439 455 382 196 338 429 477 210 510 510 510 510 510 510 510 510 510 510 
127 400 439 260 455 83 196 338 180 477 210 510 510 510 510 510 510 510 510 510 510 510 
4 298 163 210 490 210 95 410 510 510 510 510 510 510 510 510 510 510 510 510 510 510 
274 55 196 438 435 222 210 502 84 288 259 59 510 510 510 510 510 510 510 510 510 510 
37 238 313 400 306 342 18 196 371 230 402 510 510 510 510 510 510 510 510 510 510 510 
25 292 210 478 194 218 210 25 67 466 308 380 26 238 329 287 481 308 62 72 510 510 
328 115 483 440 210 84 67 305 57 462 410 510 510 510 510 510 510 510 510 510 510 510 
335 210 433 335 42 391 440 483 142 42 500 462 410 478 510 510 510 510 510 510 510 510 
189 196 235 210 25 95 402 478 510 510 510 510 510 510 510 510 510 510 510 510 510 510 
25 454 410 478 271 194 210 25 340 57 58 410 11 454 119 210 123 143 15 124 410 11 
125 30 62 210 15 125 70 236 72 114 225 210 510 510 510 510 510 510 510 510 510 510 
275 294 129 13 210 18 42 269 456 145 510 510 510 510 510 510 510 510 510 510 510 510 
18 42 241 238 185 117 277 38 110 210 194 257 510 510 510 510 510 510 510 510 510 510 
504 100 504 265 302 332 164 509 11 277 420 277 38 210 194 367 410 478 510 510 510 510 
189 196 235 210 25 95 402 478 510 510 510 510 510 510 510 510 510 510 510 510 510 510 
25 454 410 478 271 194 210 25 340 57 58 410 11 454 119 210 123 143 15 124 410 510 
238 382 365 382 229 419 88 238 382 466 199 315 243 510 510 510 510 510 510 510 510 510 
277 42 326 83 362 370 123 210 383 196 53 178 210 510 510 510 510 510 510 510 510 510 
381 298 136 300 86 289 395 196 287 220 387 510 510 510 510 510 510 510 510 510 510 510 
136 300 354 483 398 289 395 196 287 220 462 402 478 510 510 510 510 510 510 510 510 510 
189 196 235 210 25 95 402 478 510 510 510 510 510 510 510 510 510 510 510 510 510 510 
25 12 382 41 137 508 332 320 210 143 15 427 210 478 194 284 210 375 510 510 510 510 
25 228 72 408 437 196 70 483 196 273 459 331 29 410 510 510 510 510 510 510 510 510 
48 317 314 272 56 300 334 57 382 239 67 326 308 322 410 510 510 510 510 510 510 510 
48 148 193 97 410 11 216 196 234 419 148 198 410 510 510 510 510 510 510 510 510 510 
183 67 126 84 497 148 191 210 483 183 67 357 84 27 148 198 410 478 510 510 510 510 
189 196 235 210 25 95 402 478 510 510 510 510 510 510 510 510 510 510 510 510 510 510 
483 196 235 210 6 141 210 119 504 122 210 119 504 122 510 510 510 510 510 510 510 510 
18 196 421 234 57 399 74 419 148 251 198 213 510 510 510 510 510 510 510 510 510 510 
483 458 349 436 129 196 492 57 300 40 459 382 504 463 210 510 510 510 510 510 510 510 
483 196 338 477 19 166 208 458 190 18 196 230 213 510 510 510 510 510 510 510 510 510 
483 148 326 84 497 382 190 382 390 85 18 196 230 298 12 359 95 410 510 510 510 510 
84 297 459 266 194 436 17 246 510 510 510 510 510 510 510 510 510 510 510 510 510 510 
56 299 156 134 194 436 17 482 510 510 510 510 510 510 510 510 510 510 510 510 510 510 
56 299 279 134 194 368 17 147 510 510 510 510 510 510 510 510 510 510 510 510 510 510 
148 384 84 300 43 1 134 510 510 510 510 510 510 510 510 510 510 510 510 510 510 510 
84 196 457 446 194 436 17 318 510 510 510 510 510 510 510 510 510 510 510 510 510 510 
148 362 134 194 368 17 324 510 510 510 510 510 510 510 510 510 510 510 510 510 510 510 
148 191 130 255 496 196 457 309 134 510 510 510 510 510 510 510 510 510 510 510 510 510 
483 129 194 507 293 134 194 507 293 151 134 510 510 510 510 510 510 510 510 510 510 510 
274 134 332 148 297 134 332 196 505 510 510 510 510 510 510 510 510 510 510 510 510 510 
57 300 200 393 301 134 21 157 510 510 510 510 510 510 510 510 510 510 510 510 510 510 
84 488 108 57 93 483 79 510 510 510 510 510 510 510 510 510 510 510 510 510 510 510 
196 405 20 89 38 119 134 510 510 510 510 510 510 510 510 510 510 510 510 510 510 510 
84 196 159 210 15 196 424 134 510 510 510 510 510 510 510 510 510 510 510 510 510 510 
84 196 113 352 57 196 307 134 510 510 510 510 510 510 510 510 510 510 510 510 510 510 
84 196 98 382 133 38 162 293 510 510 510 510 510 510 510 510 510 510 510 510 510 510 
332 333 131 341 57 470 134 510 510 510 510 510 510 510 510 510 510 510 510 510 510 510 
84 196 385 332 196 77 510 510 510 510 510 510 510 510 510 510 510 510 510 510 510 510 
56 381 237 293 38 401 238 134 510 510 510 510 510 510 510 510 510 510 510 510 510 510 
84 196 80 210 483 196 378 134 510 510 510 510 510 510 510 510 510 510 510 510 510 510 
