342 412 124 305 166 331 292 98 5 331 321 502 80 331 510 510 510 510 510 510 
54 234 124 285 502 61 423 359 319 83 331 510 510 510 510 510 510 510 510 510 
292 98 131 331 174 32 331 348 48 343 124 182 331 510 510 510 510 510 510 510 
293 359 459 117 429 20 331 20 411 453 277 140 388 510 510 510 510 510 510 510 
450 151 384 459 43 331 200 98 85 331 450 182 411 453 277 35 510 510 510 510 
188 363 331 502 15 51 388 200 510 510 510 510 510 510 510 510 510 510 510 510 
510 510 510 510 510 510 510 510 510 510 510 510 510 510 510 510 510 510 510 510 
134 331 367 98 3 68 172 455 288 40 25 331 510 510 510 510 510 510 510 510 
502 362 498 461 492 228 78 106 412 288 267 388 510 510 510 510 510 510 510 510 
46 98 352 288 38 320 263 209 98 256 173 147 216 510 510 510 510 510 510 510 
132 453 159 72 359 28 157 184 288 495 237 510 510 510 510 510 510 510 510 510 
184 288 420 502 138 211 427 288 235 335 237 510 510 510 510 510 510 510 510 510 
324 475 184 177 388 510 510 510 510 510 510 510 510 510 510 510 510 510 510 510 
510 510 510 510 510 510 510 510 510 510 510 510 510 510 510 510 510 510 510 510 
502 288 415 331 203 331 318 139 359 362 45 11 510 510 510 510 510 510 510 510 
101 114 333 241 372 364 73 225 153 392 320 510 510 510 510 510 510 510 510 510 
62 58 400 331 147 86 288 103 359 453 205 331 98 310 419 331 510 510 510 510 
450 151 384 459 43 266 395 411 453 277 35 510 510 510 510 510 510 510 510 510 
459 398 43 266 395 411 453 277 140 320 263 510 510 510 510 510 510 510 510 510 
363 68 384 331 502 15 51 388 200 510 510 510 510 510 510 510 510 510 510 510 
510 510 510 510 510 510 510 510 510 510 510 510 510 510 510 510 510 510 510 510 
451 453 7 309 466 320 336 246 90 181 331 510 510 510 510 510 510 510 510 510 
450 494 331 200 208 98 331 450 436 2 331 468 145 162 98 232 320 510 510 510 
381 288 404 384 98 172 32 331 502 62 429 389 343 20 331 510 510 510 510 510 
502 62 79 389 343 182 331 182 411 453 277 140 331 510 510 510 510 510 510 510 
58 98 386 172 248 98 44 389 200 263 475 98 469 74 288 140 320 263 510 510 
322 48 331 502 15 51 388 510 510 510 510 510 510 510 510 510 510 510 510 510 
510 510 510 510 510 510 510 510 510 510 510 510 510 510 510 510 510 510 510 510 
165 284 58 322 18 331 191 98 310 48 351 331 371 331 510 510 510 510 510 510 
311 331 483 218 90 487 252 380 147 254 392 320 510 510 510 510 510 510 510 510 
381 288 276 172 217 331 502 288 110 195 90 231 331 510 510 510 510 510 510 510 
502 288 188 150 48 178 172 288 59 150 331 450 36 95 200 510 510 510 510 510 
363 98 59 331 502 300 204 236 42 288 150 331 450 36 306 450 263 510 510 510 
500 363 331 502 15 51 388 510 510 510 510 510 510 510 510 510 510 510 510 510 
510 510 510 510 510 510 510 510 510 510 510 510 510 510 510 510 510 510 510 510 
42 284 288 277 71 331 297 453 7 264 241 443 331 510 510 510 510 510 510 510 
123 347 98 44 124 182 493 63 499 392 388 510 510 510 510 510 510 510 510 510 
450 426 331 200 208 98 331 450 426 58 384 341 411 453 148 87 251 510 510 510 
88 241 304 331 246 331 369 120 384 331 502 363 375 418 510 510 510 510 510 510 
88 453 205 242 86 124 253 502 363 375 491 320 263 510 510 510 510 510 510 510 
151 384 288 202 502 15 51 306 200 510 510 510 510 510 510 510 510 510 510 510 
510 510 510 510 510 510 510 510 510 510 510 510 510 510 510 510 510 510 510 510 
329 475 98 135 288 22 331 383 331 372 234 124 201 502 417 331 510 510 510 510 
455 48 185 124 301 374 359 288 330 259 359 473 320 510 510 510 510 510 510 510 
382 288 441 8 112 189 320 382 124 477 346 436 69 189 320 510 510 510 510 510 
381 331 372 179 359 471 436 197 331 107 199 453 277 35 510 510 510 510 510 510 
107 412 124 13 359 390 230 199 453 277 35 510 510 510 510 510 510 510 510 510 
107 331 502 130 331 502 15 51 388 510 510 510 510 510 510 510 510 510 510 510 
510 510 510 510 510 510 510 510 510 510 510 510 510 510 510 510 510 510 510 510 
246 363 316 279 265 453 203 370 284 141 331 510 510 510 510 510 510 510 510 510 
275 288 156 502 149 485 359 288 158 68 75 388 510 510 510 510 510 510 510 510 
450 50 33 10 242 128 502 440 331 136 331 200 98 208 331 450 295 248 90 257 331 
233 108 502 196 374 368 132 288 171 357 510 510 510 510 510 510 510 510 510 510 
81 241 369 33 29 335 384 215 288 34 221 317 55 306 200 510 510 510 510 510 
434 288 374 331 450 27 388 200 510 510 510 510 510 510 510 510 510 510 510 510 
168 98 337 363 414 0 147 247 496 62 170 331 510 510 510 510 510 510 510 510 
50 78 206 454 31 454 113 462 320 510 510 510 510 510 510 510 510 510 510 510 
184 486 96 382 100 437 58 90 104 290 366 510 510 510 510 510 510 510 510 510 
252 229 172 360 372 349 279 199 481 277 35 510 510 510 510 510 510 510 510 510 
279 436 281 412 288 424 13 199 481 277 140 331 510 510 510 510 510 510 510 510 
372 194 335 293 450 27 388 200 510 510 510 510 510 510 510 510 510 510 510 510 
381 288 374 331 489 65 215 288 97 13 331 416 188 510 510 510 510 510 510 510 
58 117 150 331 293 457 481 7 455 58 117 150 189 399 313 388 510 510 510 510 
15 296 246 189 391 382 124 163 246 189 198 510 510 510 510 510 510 510 510 510 
402 98 115 51 499 85 331 450 403 442 421 23 49 510 510 510 510 510 510 510 
215 288 38 189 91 439 241 331 293 453 338 421 23 392 388 200 510 510 510 510 
246 288 279 208 331 450 27 388 200 510 510 510 510 510 510 510 510 510 510 510 
24 411 288 110 503 275 66 62 291 178 331 510 510 510 510 510 510 510 510 510 
450 474 331 200 208 98 331 450 369 68 344 384 78 188 396 502 508 331 510 510 
358 132 459 70 410 427 355 268 510 510 510 510 510 510 510 510 510 510 510 510 
286 430 502 286 84 402 481 262 117 14 224 510 510 510 510 510 510 510 510 510 
402 288 405 359 481 332 58 118 14 462 510 510 510 510 510 510 510 510 510 510 
359 278 27 387 388 200 510 510 510 510 510 510 510 510 510 510 510 510 510 510 
381 288 374 86 265 297 453 370 284 141 331 510 510 510 510 510 510 510 510 510 
509 98 12 124 465 303 455 111 359 279 331 502 13 502 140 320 510 510 510 510 
246 412 288 105 480 331 98 238 146 147 379 510 510 510 510 510 510 510 510 510 
370 325 370 331 478 369 363 47 279 359 186 510 510 510 510 510 510 510 510 510 
369 363 108 331 414 331 233 331 127 502 47 279 359 473 510 510 510 510 510 510 
16 455 1 450 27 388 200 510 510 510 510 510 510 510 510 510 510 510 510 510 
363 98 130 213 455 99 331 381 90 122 41 510 510 510 510 510 510 510 510 510 
147 288 0 490 21 109 400 37 284 453 488 221 446 320 510 510 510 510 510 510 
363 502 51 98 130 470 331 372 453 212 411 444 272 510 510 510 510 510 510 510 
215 288 210 221 105 133 58 288 378 142 89 331 510 510 510 510 510 510 510 510 
381 490 105 154 133 372 288 378 67 89 331 510 510 510 510 510 510 510 510 510 
479 345 376 331 134 331 27 306 510 510 510 510 510 510 510 510 510 510 510 510 
246 190 288 60 309 161 331 413 132 300 143 409 510 510 510 510 510 510 510 510 
283 275 26 490 504 385 215 288 271 267 388 510 510 510 510 510 510 510 510 510 
450 307 331 200 98 4 331 450 33 339 432 314 240 275 373 235 189 432 507 445 
175 302 502 361 331 132 33 435 359 36 306 510 510 510 510 510 510 510 510 510 
164 331 323 164 363 17 361 502 214 363 495 36 306 200 510 510 510 510 510 510 
434 288 374 331 450 27 388 200 510 510 510 510 510 510 510 510 510 510 510 510 
450 463 306 200 208 98 331 450 282 359 456 306 263 463 86 331 457 279 436 52 306 263 
222 467 507 331 436 222 298 126 445 475 152 331 510 510 510 510 510 510 510 510 
137 229 297 260 331 215 363 377 6 447 510 510 510 510 510 510 510 510 510 510 
215 363 401 275 9 258 81 241 468 331 98 353 510 510 510 510 510 510 510 510 
384 144 384 48 472 455 180 95 263 81 114 81 241 331 98 232 306 200 510 510 
434 288 374 331 450 27 388 200 510 510 510 510 510 510 510 510 510 510 510 510 
450 463 306 200 208 98 331 450 282 359 456 306 263 463 86 331 457 279 436 52 306 
275 58 356 58 328 199 77 275 58 339 486 460 397 510 510 510 510 510 510 510 
81 363 7 372 157 169 457 331 264 288 464 428 331 510 510 510 510 510 510 510 
68 345 273 124 458 211 427 288 235 335 237 510 510 510 510 510 510 510 510 510 
273 124 420 502 138 211 427 288 235 335 36 388 200 510 510 510 510 510 510 510 
434 288 374 331 450 27 388 200 510 510 510 510 510 510 510 510 510 510 510 510 
450 242 58 150 160 408 455 220 331 279 436 226 331 200 98 294 331 30 510 510 
450 223 445 42 284 288 298 502 288 34 221 317 55 306 510 510 510 510 510 510 
439 90 94 64 293 124 231 359 58 116 33 7 432 178 306 510 510 510 510 510 
439 453 219 217 306 263 452 288 13 199 453 140 306 510 510 510 510 510 510 510 
167 33 484 132 57 453 205 331 502 167 33 482 132 354 453 140 306 200 510 510 
434 288 374 331 450 27 388 200 510 510 510 510 510 510 510 510 510 510 510 510 
502 288 374 331 225 239 331 86 384 489 331 86 384 489 510 510 510 510 510 510 
215 288 280 13 359 390 230 199 453 277 140 320 510 510 510 510 510 510 510 510 
502 481 109 421 297 288 334 359 124 125 221 58 384 483 331 510 510 510 510 510 
502 288 378 89 249 501 207 481 176 215 288 267 320 510 510 510 510 510 510 510 
502 453 7 132 57 58 176 58 448 406 215 288 267 345 242 312 27 306 510 510 
132 76 221 299 98 421 382 315 510 510 510 510 510 510 510 510 510 510 510 510 
293 192 250 270 98 421 382 129 510 510 510 510 510 510 510 510 510 510 510 510 
293 192 449 270 98 327 382 255 510 510 510 510 510 510 510 510 510 510 510 510 
453 308 132 124 93 121 270 510 510 510 510 510 510 510 510 510 510 510 510 510 
132 288 193 393 98 421 382 407 510 510 510 510 510 510 510 510 510 510 510 510 
453 157 270 98 327 382 394 510 510 510 510 510 510 510 510 510 510 510 510 510 
453 205 147 261 411 288 193 56 270 510 510 510 510 510 510 510 510 510 510 510 
502 297 98 19 274 270 98 19 274 350 270 510 510 510 510 510 510 510 510 510 
246 270 455 453 76 270 455 288 245 510 510 510 510 510 510 510 510 510 510 510 
359 124 243 505 365 270 172 102 510 510 510 510 510 510 510 510 510 510 510 510 
132 39 438 359 183 502 431 510 510 510 510 510 510 510 510 510 510 510 510 510 
288 375 422 425 241 86 270 510 510 510 510 510 510 510 510 510 510 510 510 510 
132 288 119 331 436 288 476 270 510 510 510 510 510 510 510 510 510 510 510 510 
132 288 244 497 359 288 433 270 510 510 510 510 510 510 510 510 510 510 510 510 
132 288 92 58 289 241 287 274 510 510 510 510 510 510 510 510 510 510 510 510 
455 78 326 340 359 53 270 510 510 510 510 510 510 510 510 510 510 510 510 510 
132 288 227 455 288 506 510 510 510 510 510 510 510 510 510 510 510 510 510 510 
293 68 269 274 241 155 275 270 510 510 510 510 510 510 510 510 510 510 510 510 
132 288 187 331 502 288 82 270 510 510 510 510 510 510 510 510 510 510 510 510 
