294 401 228 165 453 34 265 312 79 34 95 316 489 34 510 510 510 510 510 510 510 510 
345 252 228 475 316 244 101 277 477 198 34 510 510 510 510 510 510 510 510 510 510 510 
265 312 119 34 481 105 34 288 425 280 228 267 34 510 510 510 510 510 510 510 510 510 
502 277 178 47 390 80 34 80 50 451 462 155 22 510 510 510 510 510 510 510 510 510 
420 117 59 178 128 34 41 312 405 34 420 267 50 451 462 250 510 510 510 510 510 510 
467 142 34 316 167 134 22 41 510 510 510 510 510 510 510 510 510 510 510 510 510 510 
510 510 510 510 510 510 510 510 510 510 510 510 510 510 510 510 510 510 510 510 510 510 
154 34 334 312 48 266 253 272 227 501 138 34 510 510 510 510 510 510 510 510 510 510 
316 269 83 223 213 463 94 126 401 227 318 22 510 510 510 510 510 510 510 510 510 510 
361 312 113 227 391 470 102 439 312 152 221 499 349 510 510 510 510 510 510 510 510 510 
328 451 421 380 277 225 479 146 227 116 243 510 510 510 510 510 510 510 510 510 510 510 
146 227 96 316 202 72 329 227 426 164 243 510 510 510 510 510 510 510 510 510 510 510 
158 506 146 486 22 510 510 510 510 510 510 510 510 510 510 510 510 510 510 510 510 510 
510 510 510 510 510 510 510 510 510 510 510 510 510 510 510 510 510 510 510 510 510 510 
316 227 344 34 394 34 60 231 277 269 402 1 510 510 510 510 510 510 510 510 510 510 
200 45 415 73 260 356 279 429 254 192 470 510 510 510 510 510 510 510 510 510 510 510 
393 31 183 34 499 3 227 398 277 451 143 34 312 55 485 34 510 510 510 510 510 510 
420 117 59 178 128 478 81 50 451 462 250 510 510 510 510 510 510 510 510 510 510 510 
178 473 128 478 81 50 451 462 155 470 102 510 510 510 510 510 510 510 510 510 510 510 
142 266 59 34 316 167 134 22 41 510 510 510 510 510 510 510 510 510 510 510 510 510 
510 510 510 510 510 510 510 510 510 510 510 510 510 510 510 510 510 510 510 510 510 510 
187 451 8 342 445 470 382 29 137 210 34 510 510 510 510 510 510 510 510 510 510 510 
420 264 34 41 0 312 34 420 111 400 34 465 88 217 312 495 470 510 510 510 510 510 
144 227 196 59 312 253 105 34 316 393 390 282 280 80 34 510 510 510 510 510 510 510 
316 393 127 282 280 267 34 267 50 451 462 155 34 510 510 510 510 510 510 510 510 510 
31 312 230 253 237 312 36 282 41 102 506 312 340 52 227 155 470 102 510 510 510 510 
494 425 34 316 167 134 22 510 510 510 510 510 510 510 510 510 510 510 510 510 510 510 
510 510 510 510 510 510 510 510 510 510 510 510 510 510 510 510 510 510 510 510 510 510 
364 268 31 494 416 34 372 312 55 425 443 34 346 34 510 510 510 510 510 510 510 510 
130 34 249 285 137 435 246 46 499 208 192 470 510 510 510 510 510 510 510 510 510 510 
144 227 409 253 92 34 316 227 139 509 137 69 34 510 510 510 510 510 510 510 510 510 
316 227 467 157 425 39 253 227 122 157 34 420 389 281 41 510 510 510 510 510 510 510 
142 312 122 34 316 247 417 62 64 227 157 34 420 389 91 420 102 510 510 510 510 510 
480 142 34 316 167 134 22 510 510 510 510 510 510 510 510 510 510 510 510 510 510 510 
510 510 510 510 510 510 510 510 510 510 510 510 510 510 510 510 510 510 510 510 510 510 
64 268 227 462 75 34 109 451 8 368 73 251 34 510 510 510 510 510 510 510 510 510 
35 193 312 36 228 267 82 456 307 192 22 510 510 510 510 510 510 510 510 510 510 510 
420 118 34 41 0 312 34 420 118 31 59 106 50 451 114 431 162 510 510 510 510 510 
298 73 97 34 29 34 471 78 59 34 316 142 460 350 510 510 510 510 510 510 510 510 
298 451 143 194 3 228 448 316 142 460 170 470 102 510 510 510 510 510 510 510 510 510 
117 59 227 464 316 167 134 91 41 510 510 510 510 510 510 510 510 510 510 510 510 510 
510 510 510 510 510 510 510 510 510 510 510 510 510 510 510 510 510 510 510 510 510 510 
205 506 312 321 227 275 34 110 34 260 252 228 71 316 397 34 510 510 510 510 510 510 
272 425 497 228 317 315 277 227 56 297 277 203 470 510 510 510 510 510 510 510 510 510 
218 227 204 373 411 330 470 218 228 432 283 111 241 330 470 510 510 510 510 510 510 510 
144 34 260 296 277 32 111 310 34 498 354 451 462 250 510 510 510 510 510 510 510 510 
498 401 228 278 277 299 371 354 451 462 250 510 510 510 510 510 510 510 510 510 510 510 
498 34 316 242 34 316 167 134 22 510 510 510 510 510 510 510 510 510 510 510 510 510 
510 510 510 510 510 510 510 510 510 510 510 510 510 510 510 510 510 510 510 510 510 510 
29 142 504 313 407 451 394 358 268 375 34 510 510 510 510 510 510 510 510 510 510 510 
377 227 63 316 263 12 277 227 84 266 57 22 510 510 510 510 510 510 510 510 510 510 
420 209 53 292 194 483 316 172 34 166 34 41 312 0 34 420 21 237 137 211 34 510 
214 121 316 232 315 65 328 227 314 195 510 510 510 510 510 510 510 510 510 510 510 510 
240 73 471 53 206 164 59 476 227 184 458 374 224 91 41 510 510 510 510 510 510 510 
306 227 315 34 420 331 22 41 510 510 510 510 510 510 510 510 510 510 510 510 510 510 
90 312 15 142 40 378 499 430 304 393 291 34 510 510 510 510 510 510 510 510 510 510 
209 94 357 262 256 262 414 496 470 510 510 510 510 510 510 510 510 510 510 510 510 510 
146 505 341 218 287 305 31 137 300 474 86 510 510 510 510 510 510 510 510 510 510 510 
246 404 253 207 260 23 313 354 385 462 250 510 510 510 510 510 510 510 510 510 510 510 
313 111 466 401 227 68 278 354 385 462 155 34 510 510 510 510 510 510 510 510 510 510 
260 438 164 502 420 331 22 41 510 510 510 510 510 510 510 510 510 510 510 510 510 510 
144 227 315 34 201 274 476 227 176 278 34 484 467 510 510 510 510 510 510 510 510 510 
31 47 157 34 502 235 385 8 272 31 47 157 330 257 491 22 510 510 510 510 510 510 
167 17 29 330 58 218 228 28 29 330 490 510 510 510 510 510 510 510 510 510 510 510 
311 312 132 134 307 405 34 420 67 44 437 366 124 510 510 510 510 510 510 510 510 510 
476 227 391 330 399 427 73 34 502 451 457 437 366 192 22 41 510 510 510 510 510 510 
29 227 313 0 34 420 331 22 41 510 510 510 510 510 510 510 510 510 510 510 510 510 
188 50 227 139 454 377 4 393 74 39 34 510 510 510 510 510 510 510 510 510 510 510 
420 123 34 41 0 312 34 420 471 266 418 59 94 467 487 316 392 34 510 510 510 510 
369 328 178 129 468 329 408 9 510 510 510 510 510 510 510 510 510 510 510 510 510 510 
156 449 316 156 352 311 385 7 47 120 343 510 510 510 510 510 510 510 510 510 510 510 
311 227 363 277 385 469 31 508 120 496 510 510 510 510 510 510 510 510 510 510 510 510 
277 387 331 424 22 41 510 510 510 510 510 510 510 510 510 510 510 510 510 510 510 510 
144 227 315 3 407 109 451 358 268 375 34 510 510 510 510 510 510 510 510 510 510 510 
370 312 66 228 362 367 272 222 277 313 34 316 278 316 155 470 510 510 510 510 510 510 
29 401 227 168 440 34 312 160 14 499 433 510 510 510 510 510 510 510 510 510 510 510 
358 261 358 34 442 471 142 337 313 277 472 510 510 510 510 510 510 510 510 510 510 510 
471 142 121 34 40 34 214 34 125 316 337 313 277 203 510 510 510 510 510 510 510 510 
386 272 77 420 331 22 41 510 510 510 510 510 510 510 510 510 510 510 510 510 510 510 
142 312 242 323 272 13 34 144 137 290 507 510 510 510 510 510 510 510 510 510 510 510 
499 227 378 145 98 355 183 173 268 451 339 458 271 470 510 510 510 510 510 510 510 510 
142 316 134 312 242 177 34 260 451 42 50 332 87 510 510 510 510 510 510 510 510 510 
476 227 216 458 168 108 31 227 220 284 500 34 510 510 510 510 510 510 510 510 510 510 
144 145 168 303 108 260 227 220 395 500 34 510 510 510 510 510 510 510 510 510 510 510 
150 30 270 34 154 34 331 91 510 510 510 510 510 510 510 510 510 510 510 510 510 510 
29 6 227 320 342 147 34 171 328 247 238 384 510 510 510 510 510 510 510 510 510 510 
436 377 149 145 295 360 476 227 308 318 22 510 510 510 510 510 510 510 510 510 510 510 
420 99 34 41 312 49 34 420 53 333 301 135 18 377 413 426 330 301 419 379 510 510 
182 189 316 396 34 328 53 103 277 389 91 510 510 510 510 510 510 510 510 510 510 510 
236 34 85 236 142 403 396 316 428 142 116 389 91 41 510 510 510 510 510 510 510 510 
306 227 315 34 420 331 22 41 510 510 510 510 510 510 510 510 510 510 510 510 510 510 
420 293 91 41 0 312 34 420 259 277 43 91 102 293 3 34 235 313 111 133 91 102 
2 185 419 34 111 2 115 359 379 506 93 34 510 510 510 510 510 510 510 510 510 510 
450 404 109 324 34 476 142 148 226 326 510 510 510 510 510 510 510 510 510 510 510 510 
476 142 140 377 488 186 240 73 465 34 312 234 510 510 510 510 510 510 510 510 510 510 
59 10 59 425 412 272 338 281 102 240 45 240 73 34 312 495 91 41 510 510 510 510 
306 227 315 34 420 331 22 41 510 510 510 510 510 510 510 510 510 510 510 510 510 510 
420 293 91 41 0 312 34 420 259 277 43 91 102 293 3 34 235 313 111 133 91 510 
377 31 410 31 153 354 455 377 31 333 505 446 215 510 510 510 510 510 510 510 510 510 
240 142 8 260 479 112 235 34 368 227 51 24 34 510 510 510 510 510 510 510 510 510 
266 30 33 228 353 72 329 227 426 164 243 510 510 510 510 510 510 510 510 510 510 510 
33 228 96 316 202 72 329 227 426 164 389 22 41 510 510 510 510 510 510 510 510 510 
306 227 315 34 420 331 22 41 510 510 510 510 510 510 510 510 510 510 510 510 510 510 
420 194 31 157 452 54 272 37 34 313 111 276 34 41 312 381 34 289 510 510 510 510 
420 199 379 64 268 227 115 316 227 184 458 374 224 91 510 510 510 510 510 510 510 510 
427 137 131 347 502 228 69 277 31 70 53 8 301 39 91 510 510 510 510 510 510 510 
427 451 273 92 91 102 286 227 278 354 451 155 91 510 510 510 510 510 510 510 510 510 
492 53 229 328 348 451 143 34 316 492 53 104 328 38 451 155 91 41 510 510 510 510 
306 227 315 34 420 331 22 41 510 510 510 510 510 510 510 510 510 510 510 510 510 510 
316 227 315 34 429 406 34 3 59 201 34 3 59 201 510 510 510 510 510 510 510 510 
476 227 383 278 277 299 371 354 451 462 155 470 510 510 510 510 510 510 510 510 510 510 
316 385 355 437 109 227 351 277 228 302 458 31 59 249 34 510 510 510 510 510 510 510 
316 227 220 500 174 175 190 385 159 476 227 318 470 510 510 510 510 510 510 510 510 510 
316 451 8 328 348 31 159 31 219 239 476 227 318 30 194 335 331 91 510 510 510 510 
328 179 458 258 312 437 218 25 510 510 510 510 510 510 510 510 510 510 510 510 510 510 
502 107 327 19 312 437 218 309 510 510 510 510 510 510 510 510 510 510 510 510 510 510 
502 107 388 19 312 319 218 376 510 510 510 510 510 510 510 510 510 510 510 510 510 510 
451 365 328 228 191 461 19 510 510 510 510 510 510 510 510 510 510 510 510 510 510 510 
328 227 16 447 312 437 218 245 510 510 510 510 510 510 510 510 510 510 510 510 510 510 
451 479 19 312 319 218 11 510 510 510 510 510 510 510 510 510 510 510 510 510 510 510 
451 143 499 89 50 227 16 248 19 510 510 510 510 510 510 510 510 510 510 510 510 510 
316 109 312 141 255 19 312 141 255 423 19 510 510 510 510 510 510 510 510 510 510 510 
29 19 272 451 179 19 272 227 212 510 510 510 510 510 510 510 510 510 510 510 510 510 
277 228 26 336 503 19 253 161 510 510 510 510 510 510 510 510 510 510 510 510 510 510 
328 444 169 277 459 316 136 510 510 510 510 510 510 510 510 510 510 510 510 510 510 510 
227 460 482 493 73 3 19 510 510 510 510 510 510 510 510 510 510 510 510 510 510 510 
328 227 197 34 111 227 322 19 510 510 510 510 510 510 510 510 510 510 510 510 510 510 
328 227 163 100 277 227 20 19 510 510 510 510 510 510 510 510 510 510 510 510 510 510 
328 227 61 31 180 73 27 255 510 510 510 510 510 510 510 510 510 510 510 510 510 510 
272 94 422 76 277 151 19 510 510 510 510 510 510 510 510 510 510 510 510 510 510 510 
328 227 5 272 227 434 510 510 510 510 510 510 510 510 510 510 510 510 510 510 510 510 
502 266 181 255 73 441 377 19 510 510 510 510 510 510 510 510 510 510 510 510 510 510 
328 227 233 34 316 227 325 19 510 510 510 510 510 510 510 510 510 510 510 510 510 510 
