291 80 23 229 197 181 346 441 116 181 322 469 71 181 510 510 510 510 510 510 510 510 
357 279 23 347 469 272 73 375 402 8 181 510 510 510 510 510 510 510 510 510 510 510 
346 441 109 181 56 186 181 57 348 119 23 253 181 510 510 510 510 510 510 510 510 510 
489 375 486 202 290 2 181 2 94 115 484 377 169 510 510 510 510 510 510 510 510 510 
289 16 373 486 342 181 179 441 55 181 289 253 94 115 484 328 510 510 510 510 510 510 
64 301 181 469 34 280 169 179 510 510 510 510 510 510 510 510 510 510 510 510 510 510 
510 510 510 510 510 510 510 510 510 510 510 510 510 510 510 510 510 510 510 510 510 510 
38 181 450 441 48 70 184 359 267 0 276 181 510 510 510 510 510 510 510 510 510 510 
469 151 300 72 236 177 461 314 80 267 283 169 510 510 510 510 510 510 510 510 510 510 
132 441 149 267 213 407 218 30 441 222 22 215 143 510 510 510 510 510 510 510 510 510 
454 115 394 310 375 457 158 273 267 360 475 510 510 510 510 510 510 510 510 510 510 510 
273 267 1 469 221 406 488 267 408 156 475 510 510 510 510 510 510 510 510 510 510 510 
133 137 273 47 169 510 510 510 510 510 510 510 510 510 510 510 510 510 510 510 510 510 
510 510 510 510 510 510 510 510 510 510 510 510 510 510 510 510 510 510 510 510 510 510 
469 267 150 181 509 181 41 208 375 151 343 120 510 510 510 510 510 510 510 510 510 510 
25 54 182 429 155 53 329 334 302 341 407 510 510 510 510 510 510 510 510 510 510 510 
126 501 459 181 215 11 267 372 375 115 82 181 441 259 131 181 510 510 510 510 510 510 
289 16 373 486 342 36 471 94 115 484 328 510 510 510 510 510 510 510 510 510 510 510 
486 199 342 36 471 94 115 484 377 407 218 510 510 510 510 510 510 510 510 510 510 510 
301 70 373 181 469 34 280 169 179 510 510 510 510 510 510 510 510 510 510 510 510 510 
510 510 510 510 510 510 510 510 510 510 510 510 510 510 510 510 510 510 510 510 510 510 
216 115 122 217 139 407 166 242 243 385 181 510 510 510 510 510 510 510 510 510 510 510 
289 362 181 179 507 441 181 289 185 476 181 388 434 187 441 114 407 510 510 510 510 510 
393 267 355 373 441 184 186 181 469 126 290 87 119 2 181 510 510 510 510 510 510 510 
469 126 198 87 119 253 181 253 94 115 484 377 181 510 510 510 510 510 510 510 510 510 
501 441 456 184 106 441 223 87 179 218 137 441 309 371 267 377 407 218 510 510 510 510 
235 348 181 469 34 280 169 510 510 510 510 510 510 510 510 510 510 510 510 510 510 510 
510 510 510 510 510 510 510 510 510 510 510 510 510 510 510 510 510 510 510 510 510 510 
421 496 501 235 102 181 311 441 259 348 502 181 244 181 510 510 510 510 510 510 510 510 
168 181 269 431 243 180 140 84 215 455 341 407 510 510 510 510 510 510 510 510 510 510 
393 267 428 184 103 181 469 267 284 211 243 234 181 510 510 510 510 510 510 510 510 510 
469 267 64 260 348 323 184 267 327 260 181 289 214 43 179 510 510 510 510 510 510 510 
301 441 327 181 469 368 165 9 395 267 260 181 289 214 411 289 218 510 510 510 510 510 
364 301 181 469 34 280 169 510 510 510 510 510 510 510 510 510 510 510 510 510 510 510 
510 510 510 510 510 510 510 510 510 510 510 510 510 510 510 510 510 510 510 510 510 510 
395 496 267 484 157 181 246 115 122 321 429 417 181 510 510 510 510 510 510 510 510 510 
69 416 441 223 23 253 336 206 61 341 169 510 510 510 510 510 510 510 510 510 510 510 
289 293 181 179 507 441 181 289 293 501 373 5 94 115 239 399 255 510 510 510 510 510 
192 429 317 181 242 181 232 46 373 181 469 301 369 313 510 510 510 510 510 510 510 510 
192 115 82 97 11 23 460 469 301 369 410 407 218 510 510 510 510 510 510 510 510 510 
16 373 267 463 469 34 280 411 179 510 510 510 510 510 510 510 510 510 510 510 510 510 
510 510 510 510 510 510 510 510 510 510 510 510 510 510 510 510 510 510 510 510 510 510 
324 137 441 356 267 147 181 287 181 155 279 23 390 469 124 181 510 510 510 510 510 510 
359 348 68 23 105 365 375 267 176 318 375 275 407 510 510 510 510 510 510 510 510 510 
100 267 443 254 490 297 407 100 23 268 190 185 464 297 407 510 510 510 510 510 510 510 
393 181 155 104 375 24 185 226 181 50 167 115 484 328 510 510 510 510 510 510 510 510 
50 80 23 426 375 248 304 167 115 484 328 510 510 510 510 510 510 510 510 510 510 510 
50 181 469 21 181 469 34 280 169 510 510 510 510 510 510 510 510 510 510 510 510 510 
510 510 510 510 510 510 510 510 510 510 510 510 510 510 510 510 510 510 510 510 510 510 
242 301 228 423 361 115 509 65 496 477 181 510 510 510 510 510 510 510 510 510 510 510 
493 267 153 469 262 204 375 267 413 70 319 169 510 510 510 510 510 510 510 510 510 510 
289 101 396 172 97 49 469 29 181 374 181 179 441 507 181 289 256 106 243 171 181 510 
51 494 469 383 365 117 454 267 367 424 510 510 510 510 510 510 510 510 510 510 510 510 
266 429 232 396 79 156 373 495 267 238 433 112 381 411 179 510 510 510 510 510 510 510 
20 267 365 181 289 17 169 179 510 510 510 510 510 510 510 510 510 510 510 510 510 510 
339 441 92 301 118 264 215 438 378 126 282 181 510 510 510 510 510 510 510 510 510 510 
101 461 127 479 425 479 480 389 407 510 510 510 510 510 510 510 510 510 510 510 510 510 
273 200 174 100 320 294 501 243 144 128 129 510 510 510 510 510 510 510 510 510 510 510 
140 312 184 125 155 33 423 167 88 484 328 510 510 510 510 510 510 510 510 510 510 510 
423 185 154 80 267 35 426 167 88 484 377 181 510 510 510 510 510 510 510 510 510 510 
155 59 156 489 289 17 169 179 510 510 510 510 510 510 510 510 510 510 510 510 510 510 
393 267 365 181 241 193 495 267 146 426 181 288 64 510 510 510 510 510 510 510 510 510 
501 202 260 181 489 93 88 122 359 501 202 260 297 308 40 169 510 510 510 510 510 510 
34 44 242 297 503 100 23 219 242 297 472 510 510 510 510 510 510 510 510 510 510 510 
470 441 108 280 61 55 181 289 95 52 91 237 458 510 510 510 510 510 510 510 510 510 
495 267 213 297 462 270 429 181 489 115 345 91 237 341 169 179 510 510 510 510 510 510 
242 267 423 507 181 289 17 169 179 510 510 510 510 510 510 510 510 510 510 510 510 510 
134 94 267 284 403 493 351 126 315 323 181 510 510 510 510 510 510 510 510 510 510 510 
289 305 181 179 507 441 181 289 232 70 162 373 461 64 138 469 353 181 510 510 510 510 
12 454 486 89 453 488 497 96 510 510 510 510 510 510 510 510 510 510 510 510 510 510 
6 249 469 6 447 470 88 332 202 130 446 510 510 510 510 510 510 510 510 510 510 510 
470 267 382 375 88 392 501 437 130 389 510 510 510 510 510 510 510 510 510 510 510 510 
375 432 17 277 169 179 510 510 510 510 510 510 510 510 510 510 510 510 510 510 510 510 
393 267 365 11 361 246 115 65 496 477 181 510 510 510 510 510 510 510 510 510 510 510 
3 441 418 23 415 27 359 77 375 423 181 469 426 469 377 407 510 510 510 510 510 510 
242 80 267 76 14 181 441 414 452 215 7 510 510 510 510 510 510 510 510 510 510 510 
65 435 65 181 483 232 301 278 423 375 164 510 510 510 510 510 510 510 510 510 510 510 
232 301 494 181 118 181 51 181 78 469 278 423 375 275 510 510 510 510 510 510 510 510 
508 359 188 289 17 169 179 510 510 510 510 510 510 510 510 510 510 510 510 510 510 510 
301 441 21 203 359 499 181 393 243 257 498 510 510 510 510 510 510 510 510 510 510 510 
215 267 264 83 19 285 459 39 496 115 340 433 60 407 510 510 510 510 510 510 510 510 
301 469 280 441 21 245 181 155 115 136 94 350 384 510 510 510 510 510 510 510 510 510 
495 267 224 433 76 387 501 267 170 62 37 181 510 510 510 510 510 510 510 510 510 510 
393 83 76 99 387 155 267 170 191 37 181 510 510 510 510 510 510 510 510 510 510 510 
491 281 98 181 38 181 17 411 510 510 510 510 510 510 510 510 510 510 510 510 510 510 
242 445 267 74 217 90 181 240 454 368 306 225 510 510 510 510 510 510 510 510 510 510 
28 493 500 83 397 18 495 267 227 283 169 510 510 510 510 510 510 510 510 510 510 510 
289 63 181 179 441 504 181 289 396 467 386 252 265 493 505 408 297 386 152 405 510 510 
419 444 469 45 181 454 396 141 375 214 411 510 510 510 510 510 510 510 510 510 510 510 
160 181 337 160 301 135 45 469 427 301 360 214 411 179 510 510 510 510 510 510 510 510 
20 267 365 181 289 17 169 179 510 510 510 510 510 510 510 510 510 510 510 510 510 510 
289 379 411 179 507 441 181 289 195 375 478 411 218 379 11 181 93 423 185 81 411 218 
465 230 152 181 185 465 111 468 405 137 492 181 510 510 510 510 510 510 510 510 510 510 
338 312 246 466 181 495 301 449 145 440 510 510 510 510 510 510 510 510 510 510 510 510 
495 301 85 493 398 422 266 429 388 181 441 173 510 510 510 510 510 510 510 510 510 510 
373 485 373 348 487 359 250 43 218 266 54 266 429 181 441 114 411 179 510 510 510 510 
20 267 365 181 289 17 169 179 510 510 510 510 510 510 510 510 510 510 510 510 510 510 
289 379 411 179 507 441 181 289 195 375 478 411 218 379 11 181 93 423 185 81 411 510 
493 501 376 501 303 167 442 493 501 467 200 42 474 510 510 510 510 510 510 510 510 510 
266 301 122 155 158 107 93 181 321 267 506 212 181 510 510 510 510 510 510 510 510 510 
70 281 159 23 67 406 488 267 408 156 475 510 510 510 510 510 510 510 510 510 510 510 
159 23 1 469 221 406 488 267 408 156 214 169 179 510 510 510 510 510 510 510 510 510 
20 267 365 181 289 17 169 179 510 510 510 510 510 510 510 510 510 510 510 510 510 510 
289 97 501 260 148 325 359 344 181 423 185 251 181 179 441 430 181 400 510 510 510 510 
289 32 405 395 496 267 111 469 267 238 433 112 381 411 510 510 510 510 510 510 510 510 
270 243 436 295 489 23 234 375 501 247 396 122 386 323 411 510 510 510 510 510 510 510 
270 115 263 103 411 218 358 267 426 167 115 377 411 510 510 510 510 510 510 510 510 510 
201 396 75 454 261 115 82 181 469 201 396 370 454 420 115 377 411 179 510 510 510 510 
20 267 365 181 289 17 169 179 510 510 510 510 510 510 510 510 510 510 510 510 510 510 
469 267 365 181 334 326 181 11 373 241 181 11 373 241 510 510 510 510 510 510 510 510 
495 267 412 426 375 248 304 167 115 484 377 407 510 510 510 510 510 510 510 510 510 510 
469 88 285 91 246 267 401 375 23 205 433 501 373 269 181 510 510 510 510 510 510 510 
469 267 170 37 482 58 86 88 335 495 267 283 407 510 510 510 510 510 510 510 510 510 
469 115 122 454 261 501 335 501 161 349 495 267 283 281 97 330 17 411 510 510 510 510 
454 409 433 404 441 91 100 142 510 510 510 510 510 510 510 510 510 510 510 510 510 510 
489 258 15 481 441 91 100 316 510 510 510 510 510 510 510 510 510 510 510 510 510 510 
489 258 296 481 441 299 100 274 510 510 510 510 510 510 510 510 510 510 510 510 510 510 
115 352 454 23 66 380 481 510 510 510 510 510 510 510 510 510 510 510 510 510 510 510 
454 267 363 175 441 91 100 121 510 510 510 510 510 510 510 510 510 510 510 510 510 510 
115 158 481 441 299 100 366 510 510 510 510 510 510 510 510 510 510 510 510 510 510 510 
115 82 215 189 94 267 363 307 481 510 510 510 510 510 510 510 510 510 510 510 510 510 
469 246 441 331 26 481 441 331 26 210 481 510 510 510 510 510 510 510 510 510 510 510 
242 481 359 115 409 481 359 267 194 510 510 510 510 510 510 510 510 510 510 510 510 510 
375 23 451 196 4 481 184 271 510 510 510 510 510 510 510 510 510 510 510 510 510 510 
454 439 298 375 209 469 233 510 510 510 510 510 510 510 510 510 510 510 510 510 510 510 
267 369 292 391 429 11 481 510 510 510 510 510 510 510 510 510 510 510 510 510 510 510 
454 267 286 181 185 267 31 481 510 510 510 510 510 510 510 510 510 510 510 510 510 510 
454 267 473 220 375 267 123 481 510 510 510 510 510 510 510 510 510 510 510 510 510 510 
454 267 231 501 163 429 110 26 510 510 510 510 510 510 510 510 510 510 510 510 510 510 
359 461 10 178 375 183 481 510 510 510 510 510 510 510 510 510 510 510 510 510 510 510 
454 267 13 359 267 448 510 510 510 510 510 510 510 510 510 510 510 510 510 510 510 510 
489 70 207 26 429 333 493 481 510 510 510 510 510 510 510 510 510 510 510 510 510 510 
454 267 354 181 469 267 113 481 510 510 510 510 510 510 510 510 510 510 510 510 510 510 
